0.000000000000000000e+00	-6.445439999999999058e-05	8.056759999999999616e-03	3.444298890634441696e-02	3.694913293051359238e-02
2.040816326530612290e+00	3.854352800000000745e-02	9.668149999999998620e-03	1.373864932930513594e-01	3.373616918429003103e-02
4.081632653061224580e+00	1.022886240000000085e-01	1.047359999999999958e-02	2.387877607250754874e-01	2.249084592145014425e-02
6.122448979591837315e+00	1.659048800000000046e-01	8.862499999999995381e-03	3.507275891238670340e-01	5.140722054380664208e-02
8.163265306122449161e+00	2.322279999999999900e-01	1.208499999999999852e-02	4.495585812688820959e-01	2.409697885196374068e-02
1.020408163265306101e+01	2.958442400000000361e-01	8.862499999999995381e-03	5.640684616314198818e-01	2.570410876132927375e-02
1.224489795918367285e+01	3.591381200000000051e-01	1.047400000000001108e-02	6.622567613293051103e-01	3.052250755287009079e-02
1.428571428571428470e+01	4.237856399999999635e-01	8.862499999999995381e-03	7.777951250755287260e-01	2.088471299093657557e-02
1.632653061224489832e+01	4.876597199999999632e-01	2.175350000000000894e-02	8.744412181268882422e-01	2.731024169184289793e-02
1.836734693877551194e+01	5.535315199999999436e-01	1.127949999999999786e-02	9.885658658610272376e-01	3.694903323262840877e-02
2.040816326530612557e+01	6.179212399999999272e-01	1.047349999999996895e-02	1.092794102719033100e+00	5.943987915407854955e-02
2.244897959183673919e+01	6.844378400000000751e-01	8.862499999999995381e-03	1.203191883987915212e+00	4.016229607250764583e-02
2.448979591836735281e+01	7.469582399999999955e-01	8.057000000000036355e-03	1.303050880966767133e+00	2.731123867069489008e-02
2.653061224489796643e+01	8.126370399999999217e-01	1.127949999999999786e-02	1.416019033232628122e+00	4.016329305135953043e-02
2.857142857142858006e+01	8.815385199999998811e-01	9.668500000000024297e-03	1.522432567975830597e+00	2.088471299093663108e-02
3.061224489795919368e+01	9.452191599999999472e-01	1.047399999999998332e-02	1.642983103323262473e+00	3.373676737160127143e-02
3.265306122448980375e+01	1.012573199999999840e+00	1.208500000000001240e-02	1.742842020543806436e+00	2.891737160120851427e-02
3.469387755102041382e+01	1.077542399999999789e+00	1.289499999999998980e-02	1.849769677341389862e+00	2.409697885196376843e-02
3.673469387755102389e+01	1.143865999999999827e+00	2.175000000000004707e-02	1.958753583081570993e+00	3.373577039274927580e-02
3.877551020408163396e+01	1.208126800000000056e+00	1.853499999999996817e-02	2.065037510574017965e+00	2.892235649546825646e-02
4.081632653061224403e+01	1.273998399999999975e+00	1.208499999999990138e-02	2.163741367975830610e+00	1.172776132930513360e-01
4.285714285714285410e+01	1.340192000000000050e+00	1.530999999999993477e-02	2.278764253776434767e+00	9.478277945619333067e-02
4.489795918367346417e+01	1.403615999999999753e+00	1.450499999999999012e-02	2.390062187311178032e+00	5.141419939577050041e-02
4.693877551020407424e+01	1.473421199999999986e+00	1.208500000000001240e-02	2.492492592145014729e+00	4.979909365558927992e-02
4.897959183673468431e+01	1.537809600000000110e+00	1.449999999999995737e-02	2.613810561933534338e+00	4.337854984894252974e-02
5.102040816326529438e+01	1.622438799999999848e+00	1.450000000000006839e-02	2.765979842900302188e+00	1.172746223564953560e-01
5.306122448979590445e+01	1.702684399999999654e+00	1.047499999999990106e-02	2.897710259818730538e+00	6.265015105740182055e-02
5.510204081632651452e+01	1.771971999999999881e+00	1.692000000000004611e-02	2.994997848942597685e+00	2.249184290030202538e-02
5.714285714285712459e+01	1.837779199999999946e+00	1.450499999999999012e-02	3.105399299093654975e+00	4.016827794561948772e-02
5.918367346938773466e+01	1.902749600000000152e+00	1.450499999999999012e-02	3.210524737160120878e+00	5.622960725075528549e-02
6.122448979591834473e+01	1.970491200000000109e+00	1.852999999999993541e-02	3.317066682779455711e+00	8.193172205438058187e-02
6.326530612244895480e+01	2.039261599999999675e+00	1.289000000000006807e-02	3.437488966767371146e+00	1.766646525679775939e-02
6.530612244897956487e+01	2.102362399999999631e+00	9.665000000000034674e-03	3.547886429003020314e+00	4.336858006042305230e-02
6.734693877551018204e+01	2.171586800000000039e+00	1.128000000000017877e-02	3.661627359516616664e+00	3.373776435045326011e-02
6.938775510204079922e+01	2.233269599999999855e+00	1.450499999999999012e-02	3.765723915407854783e+00	2.571208459214499240e-02
7.142857142857141639e+01	2.301591199999999837e+00	1.289000000000006807e-02	3.882934332326283489e+00	2.892235649546847850e-02
7.346938775510203357e+01	2.368623200000000040e+00	8.864999999999900737e-03	3.986392821752266169e+00	3.373776435045303806e-02
7.551020408163265074e+01	2.435331999999999830e+00	1.369500000000001272e-02	4.097947577039274591e+00	2.409697885196354639e-02
7.755102040816326792e+01	2.505136400000000041e+00	1.047500000000001208e-02	4.203845873111781373e+00	6.426525679758303411e-02
7.959183673469388509e+01	2.572812000000000321e+00	1.289000000000006807e-02	4.321309921450150249e+00	5.300936555891254398e-02
8.163265306122450227e+01	2.638620400000000199e+00	1.046999999999997932e-02	4.426698561933534393e+00	2.249184290030202538e-02
8.367346938775511944e+01	2.706812800000000241e+00	9.670000000000067431e-03	4.552005244712990617e+00	5.943987915407877159e-02
8.571428571428573662e+01	2.771781999999999968e+00	1.127999999999995673e-02	4.650063299093655012e+00	2.088670694864050437e-02
8.775510204081635379e+01	2.839718800000000432e+00	1.449999999999995737e-02	4.761102815709969072e+00	4.015830815709978824e-02
8.979591836734697097e+01	2.903978399999999738e+00	1.047500000000001208e-02	4.879854163141994050e+00	8.835226586102688795e-02
9.183673469387758814e+01	2.972041599999999839e+00	1.047500000000001208e-02	4.988323069486404471e+00	5.140422960725102297e-02
9.387755102040820532e+01	3.039073200000000252e+00	8.865000000000122782e-03	5.099238163141992963e+00	3.212265861027159553e-02
9.591836734693882249e+01	3.105590400000000528e+00	9.665000000000034674e-03	5.207704676737159311e+00	2.730725075528703250e-02
9.795918367346943967e+01	3.174620399999999343e+00	1.047500000000001208e-02	5.316689619335346784e+00	5.141419939577028531e-02
1.000000000000000568e+02	3.259378000000000331e+00	8.054999999999923332e-03	5.489162972809666918e+00	2.730725075528703250e-02
