0.000000000000000000e+00	5.800864000000000844e-04	8.862435000000000104e-03	2.891671200000000067e-02	2.891667371601207986e-02
2.040816326530612290e+00	3.751226000000000560e-02	5.639749999999998931e-03	1.362298303323262738e-01	3.212963746223564815e-02
4.081632653061224580e+00	1.038999840000000008e-01	1.530800000000000216e-02	2.342895038066464819e-01	2.891627492447128300e-02
6.122448979591837315e+00	1.650024000000000213e-01	8.056500000000008099e-03	3.531693099697884586e-01	8.353685800604226941e-02
8.163265306122449161e+00	2.320991199999999921e-01	7.250999999999993562e-03	4.511006283987915033e-01	2.891637462235649436e-02
1.020408163265306101e+01	2.954574799999999946e-01	9.668000000000009919e-03	5.645828229607250393e-01	4.176842900302116246e-02
1.224489795918367285e+01	3.596536399999999967e-01	1.208549999999999902e-02	6.569876882175226251e-01	2.891637462235652212e-02
1.428571428571428470e+01	4.241078800000000482e-01	1.127949999999999786e-02	7.767671202416918108e-01	1.076348338368580265e-01
1.632653061224489832e+01	4.900442799999999988e-01	1.369650000000000034e-02	8.775257111782477359e-01	3.052250755287009079e-02
1.836734693877551194e+01	5.549495199999999739e-01	1.047399999999998332e-02	9.925498731117823326e-01	4.337555891238672329e-02
2.040816326530612557e+01	6.177278400000000280e-01	1.289049999999997143e-02	1.092537280966767277e+00	5.622661631419931250e-02
2.244897959183673919e+01	6.848890399999999490e-01	1.208499999999995689e-02	1.203320613897280733e+00	1.606531722054387740e-02
2.448979591836735281e+01	7.507609199999998317e-01	1.047400000000003883e-02	1.298167279758308146e+00	4.016229607250753481e-02
2.653061224489796643e+01	8.135394799999999815e-01	1.127949999999999786e-02	1.415890622356495321e+00	3.212864048338365947e-02
2.857142857142858006e+01	8.816673999999999900e-01	1.853050000000000530e-02	1.522946530513595409e+00	2.731024169184289793e-02
3.061224489795919368e+01	9.453478800000000293e-01	1.852999999999999092e-02	1.636043253172205558e+00	3.373577039274916478e-02
3.265306122448980375e+01	1.012379200000000257e+00	1.208500000000001240e-02	1.735002416918428825e+00	3.694903323262840877e-02
3.469387755102041382e+01	1.077027199999999851e+00	9.665000000000034674e-03	1.851954656193353310e+00	4.337555891238677880e-02
3.673469387755102389e+01	1.144768400000000019e+00	1.127999999999995673e-02	1.960681022356495440e+00	4.498069486404829981e-02
3.877551020408163396e+01	1.208836000000000244e+00	1.289000000000006807e-02	2.063495782477340779e+00	3.694803625377630213e-02
4.081632653061224403e+01	1.274707599999999941e+00	1.288999999999995705e-02	2.171322634441087196e+00	2.891238670694855351e-02
4.285714285714285410e+01	1.341934400000000194e+00	1.530999999999993477e-02	2.285066755287008533e+00	5.622960725075528549e-02
4.489795918367346417e+01	1.406451600000000024e+00	1.128000000000006775e-02	2.395201015105739906e+00	4.658882175226601585e-02
4.693877551020407424e+01	1.470584800000000136e+00	8.859999999999979003e-03	2.501615347432023739e+00	3.052749244712999951e-02
4.897959183673468431e+01	1.537808400000000075e+00	1.127999999999995673e-02	2.609442996978851514e+00	4.177341389728100873e-02
5.102040816326529438e+01	1.621278800000000020e+00	1.128000000000006775e-02	2.772275963746223315e+00	2.249184290030202538e-02
5.306122448979590445e+01	1.702166400000000079e+00	1.127999999999995673e-02	2.885118018126888284e+00	2.570211480362551149e-02
5.510204081632651452e+01	1.769523199999999852e+00	1.128000000000006775e-02	2.994997848942598129e+00	2.730725075528703250e-02
5.714285714285712459e+01	1.835457999999999812e+00	1.611499999999999044e-02	3.099999661631419823e+00	4.498368580060427280e-02
5.918367346938773466e+01	1.906743999999999994e+00	1.611499999999999044e-02	3.211426006042295889e+00	4.337854984894275179e-02
6.122448979591834473e+01	1.968427199999999822e+00	1.772499999999999076e-02	3.324265667673716340e+00	4.819395770392753686e-02
6.326530612244895480e+01	2.036426000000000069e+00	1.127999999999995673e-02	3.432349341389727915e+00	7.389607250755282630e-02
6.530612244897956487e+01	2.101139199999999985e+00	1.289000000000006807e-02	3.541461897280966387e+00	3.212265861027181757e-02
6.734693877551018204e+01	2.172488799999999998e+00	1.289000000000006807e-02	3.662269413897280668e+00	4.015830815709956619e-02
6.938775510204079922e+01	2.237394000000000105e+00	1.289499999999987878e-02	3.764953450151057091e+00	2.892235649546825646e-02
7.142857142857141639e+01	2.304619999999999891e+00	9.669999999999845386e-03	3.874966477341389659e+00	3.694803625377652417e-02
7.346938775510203357e+01	2.369525600000000232e+00	1.128000000000017877e-02	3.984723480362537540e+00	2.087673716012102346e-02
7.551020408163265074e+01	2.434752400000000261e+00	9.670000000000067431e-03	4.099360096676735843e+00	3.051752265861051513e-02
7.755102040816326792e+01	2.504363199999999789e+00	1.288999999999984603e-02	4.201404471299093224e+00	3.051752265861051513e-02
7.959183673469388509e+01	2.570170800000000089e+00	1.369500000000001272e-02	4.326709558912386733e+00	2.891238670694855351e-02
8.163265306122450227e+01	2.639522400000000157e+00	1.852999999999993541e-02	4.430296459214501326e+00	4.177341389728100873e-02
8.367346938775511944e+01	2.706554400000000360e+00	1.127999999999995673e-02	4.542494066465256886e+00	2.570211480362551149e-02
8.571428571428573662e+01	2.772234400000000321e+00	8.860000000000090026e-03	4.651218996978851550e+00	2.570211480362551149e-02
8.775510204081635379e+01	2.838234800000000391e+00	1.047500000000001208e-02	4.767658948640482564e+00	2.570211480362551149e-02
8.979591836734697097e+01	2.908232799999999507e+00	1.047500000000001208e-02	4.874969764350453261e+00	2.409697885196354639e-02
9.183673469387758814e+01	2.975780399999999659e+00	8.860000000000090026e-03	4.980741244712990401e+00	3.373776435045326011e-02
9.387755102040820532e+01	3.039460000000000051e+00	1.128000000000017877e-02	5.100649087613292387e+00	2.570211480362506740e-02
9.591836734693882249e+01	3.106363200000000102e+00	1.046999999999997932e-02	5.212205438066464858e+00	5.140422960725057888e-02
9.795918367346943967e+01	3.173523200000000877e+00	5.639999999999867342e-03	5.320802755287009411e+00	2.088670694864050437e-02
1.000000000000000568e+02	3.258088800000000340e+00	1.772499999999999076e-02	5.488006477341388134e+00	1.928157099697854274e-02
